707566605	Repetition	2340	2342
708561738	Causal_Oversimplification	182	196
699478811	Appeal_to_Authority	6147	6149
111111115	Repetition	640	648
738447109	Black-and-White_Fallacy	925	950
730081389	Doubt	1681	1687
111111114	Whataboutism	916	917
707451080	Straw_Men	4260	4276
738028498	Appeal_to_fear-prejudice	404	418
738361208	Loaded_Language	1405	1429
725824328	Black-and-White_Fallacy	3923	3924
725731328	Red_Herring	3282	3289
700387229	Whataboutism	1734	1749
111111117	Repetition	737	752
701447437	Loaded_Language	714	738
730246508	Repetition	3319	3325
761575506	Exaggeration,Minimisation	65	78
111111111	Red_Herring	646	650
761722669	Slogans	3699	3723
773650987	Black-and-White_Fallacy	1590	1597
761955563	Flag-Waving	1355	1365
707772906	Doubt	305	311
706088110	Black-and-White_Fallacy	2185	2206
730061195	Bandwagon	588	600
708487008	Appeal_to_Authority	1950	1956
738442776	Appeal_to_Authority	1715	1733
718595845	Repetition	1497	1517
730093263	Bandwagon	1493	1515
776126299	Loaded_Language	28	47
698719689	Name_Calling,Labeling	876	881
730036755	Thought-terminating_Cliches	1466	1477
738542398	Slogans	266	268
725276027	Doubt	3504	3514
740235127	Doubt	732	754
763114850	Appeal_to_Authority	2912	2923
738781754	Bandwagon	2337	2353
699142854	Slogans	6452	6453
777785889	Name_Calling,Labeling	1915	1928
706501640	Doubt	1900	1910
763412406	Exaggeration,Minimisation	1348	1373
727569885	Black-and-White_Fallacy	5443	5451
772836731	Obfuscation,Intentional_Vagueness,Confusion	14167	14190
703056647	Repetition	1473	1489
705035735	Exaggeration,Minimisation	1317	1327
777869943	Straw_Men	4503	4512
708071969	Exaggeration,Minimisation	1781	1795
711716996	Thought-terminating_Cliches	4429	4430
730269378	Thought-terminating_Cliches	431	451
698503276	Red_Herring	4691	4709
706777811	Loaded_Language	2656	2678
702111021	Bandwagon	2725	2737
111111135	Slogans	6938	6939
111111121	Appeal_to_fear-prejudice	2253	2258
701299732	Loaded_Language	1494	1504
111111123	Whataboutism	2017	2032
761568202	Appeal_to_fear-prejudice	1386	1401
776385494	Flag-Waving	3852	3858
730019938	Appeal_to_Authority	718	743
777720051	Name_Calling,Labeling	70	88
111111133	Name_Calling,Labeling	2549	2568
763280007	Exaggeration,Minimisation	2259	2272
